Chr02	19850	19716	1
Chr02	19423	19308	1
Chr02	17998	18093	0
Chr02	17363	17471	-1
Chr02	20115	19977	1
Chr02	17590	17482	1
Chr02	15840	15967	-1
Chr02	18609	18496	1
Chr02	17964	17869	0
Chr02	17964	17869	0
Chr02	17964	17869	0
Chr02	17964	17869	0
Chr02	13982	14089	-1
Chr02	15318	15415	0
Chr02	2608	2489	1
Chr02	16285	16416	-1
Chr02	15178	15313	-1
Chr02	17337	17451	-1
Chr02	12138	12037	1
Chr02	17029	16928	1
Chr02	16996	17130	-1
Chr02	16486	16378	1
Chr02	16595	16695	-1
Chr02	16013	15910	1
Chr02	13784	13896	-1
Chr02	19626	19515	1
Chr02	3815	3930	-1
Chr02	15407	15293	1
Chr02	19709	19834	-1
Chr02	20124	20002	1
Chr02	1414	1303	1
Chr02	18675	18563	1
Chr02	17562	17456	1
Chr02	19801	19679	1
Chr02	19749	19646	1
Chr02	2862	2735	1
Chr02	16373	16486	-1
Chr02	15395	15289	1
Chr02	12105	11976	1
Chr02	15092	15201	-1
Chr02	18826	18953	-1
Chr02	16302	16415	-1
Chr02	17482	17375	1
Chr02	16196	16117	0
Chr02	18398	18475	0
Chr02	17031	17159	-1
Chr02	17031	17159	-1
Chr02	16646	16545	1
Chr02	15948	16017	0
Chr02	11053	11185	-1
Chr02	15534	15662	-1
Chr02	16897	17019	-1
Chr02	15719	15609	1
Chr02	15719	15609	1
Chr02	12187	12064	1
Chr02	17525	17431	0
Chr02	12060	12177	-1
Chr02	18798	18917	-1
Chr02	11998	12107	-1
Chr02	13888	14020	-1
Chr02	18424	18546	-1
Chr02	17304	17413	-1
Chr02	17304	17413	-1
Chr02	11984	12095	-1
Chr02	14432	14320	1
Chr02	1270	1387	-1
Chr02	4045	4147	-1
Chr02	14229	14118	1
Chr02	17541	17437	1
Chr02	17564	17473	0
Chr02	18560	18425	1
Chr02	18560	18425	1
Chr02	15271	15372	-1
Chr02	2760	2633	1
Chr02	11396	11506	-1
Chr02	14335	14427	0
Chr02	17035	16904	1
Chr02	19751	19623	1
Chr02	19818	19702	1
Chr02	18012	17893	1
Chr02	18856	18726	1
Chr02	16684	16566	1
Chr02	14042	13943	0
Chr02	3605	3473	1
Chr02	19528	19655	-1
Chr02	15429	15525	0
Chr02	19469	19587	-1
Chr02	15608	15490	1
Chr02	14307	14197	1
Chr02	12004	12114	-1
Chr02	13928	13812	1
Chr02	17882	17773	1
Chr02	4681	4690	0
Chr02	18732	18617	1
Chr02	17766	17640	1
Chr02	1886	2026	-1
Chr02	1050	926	1
Chr02	11625	11518	1
Chr02	16456	16346	1
Chr02	18747	18617	1
Chr02	12191	12078	1
Chr02	2687	2804	-1
Chr02	907	1006	0
Chr02	14268	14368	-1
Chr02	13949	14063	-1
Chr02	1967	1875	0
Chr02	14100	13964	1
Chr02	13932	13838	0
Chr02	17028	17143	-1
Chr02	18535	18420	1
Chr02	17315	17198	1
Chr02	11247	11371	-1
Chr02	14194	14305	-1
Chr02	18877	19010	-1
Chr02	15370	15481	-1
Chr02	12179	12065	1
Chr02	17984	18088	-1
Chr02	18423	18563	-1
Chr02	18980	18867	1
Chr02	17677	17791	-1
Chr02	15737	15853	-1
Chr02	14170	14288	-1
Chr02	18660	18771	-1
Chr02	17650	17537	1
Chr02	18688	18566	1
Chr02	16106	16009	0
Chr02	4717	4647	0
Chr02	4225	4337	-1
Chr02	18733	18612	1
Chr02	18733	18612	1
Chr02	19838	19728	1
Chr02	19601	19721	-1
Chr02	17839	17726	1
Chr02	2915	2794	1
Chr02	12054	12189	-1
Chr02	15933	15825	1
Chr02	18788	18912	-1
Chr02	17849	17741	1
Chr02	19970	19851	1
Chr02	17438	17323	1
Chr02	4022	4155	-1
Chr02	4022	4155	-1
Chr02	17114	17001	1
Chr02	17798	17890	0
Chr02	17536	17438	0
Chr02	15469	15589	-1
Chr02	11560	11621	0
Chr02	11560	11621	0
Chr02	16007	15873	1
Chr02	15227	15341	-1
Chr02	15822	15711	1
Chr02	4269	4177	0
Chr02	4362	4259	1
Chr02	19759	19632	1
Chr02	14294	14187	1
Chr02	14294	14187	1
Chr02	13832	13729	1
Chr02	18117	18021	0
Chr02	17855	17753	1
Chr02	14208	14337	-1
Chr02	13891	14004	-1
Chr02	14275	14401	-1
Chr02	15520	15419	1
Chr02	15520	15419	1
Chr02	4167	4059	1
Chr02	17411	17507	0
Chr02	12195	12082	1
Chr02	17411	17507	0
Chr02	15345	15457	-1
Chr02	17664	17754	0
Chr02	18757	18647	1
Chr02	18868	18986	-1
Chr02	17896	17983	0
Chr02	17105	17211	-1
Chr02	18516	18633	-1
Chr02	16972	17080	-1
Chr02	14136	14021	1
Chr02	14136	14021	1
Chr02	17482	17375	1
Chr02	16131	16014	1
Chr02	19819	19686	1
Chr02	14147	14019	1
Chr02	17840	17934	0
Chr02	17840	17934	0
Chr02	17350	17464	-1
Chr02	15883	15760	1
Chr02	4585	4691	-1
Chr02	12043	12148	-1
Chr02	10093	10217	-1
Chr02	4249	4130	1
Chr02	12001	12139	-1
Chr02	13810	13929	-1
Chr02	15574	15462	1
Chr02	18083	17982	1
Chr02	18083	17982	1
Chr02	18083	17982	1
Chr02	0	113	-1
Chr02	18391	18503	-1
Chr02	18837	18958	-1
Chr02	19678	19584	0
Chr02	13917	14038	-1
Chr02	16873	16987	-1
Chr02	19768	19650	1
Chr02	14357	14246	1
Chr02	17264	17393	-1
Chr02	19729	19852	-1
Chr02	1029	883	1
Chr02	17523	17388	1
Chr02	14306	14414	-1
Chr02	17464	17603	-1
Chr02	17464	17603	-1
Chr02	11308	11207	1
Chr02	14124	14215	0
Chr02	16680	16564	1
Chr02	16680	16564	1
Chr02	997	890	1
Chr02	12025	12141	-1
Chr02	16457	16594	-1
Chr02	12151	12038	1
Chr02	14160	14273	-1
Chr02	12151	12038	1
Chr02	13971	13861	1
Chr02	13971	13861	1
Chr02	15348	15221	1
Chr02	18233	18336	-1
Chr02	19720	19848	-1
Chr02	17881	17769	1
Chr02	4674	4582	0
Chr02	2039	1914	1
Chr02	13914	13806	1
Chr02	15238	15355	-1
Chr02	16553	16667	-1
Chr02	14331	14480	-1
Chr02	16772	16682	0
Chr02	12059	12174	-1
Chr02	14477	14610	-1
Chr02	19850	19716	1
Chr02	15981	15853	1
Chr02	16653	16541	1
Chr02	17891	17774	1
Chr02	14299	14176	1
Chr02	18290	18178	1
Chr02	11455	11332	1
Chr02	14114	14001	1
Chr02	17376	17252	1
Chr02	11974	12088	-1
Chr02	1011	894	1
Chr02	16741	16820	0
Chr02	14331	14446	-1
Chr02	2649	2759	-1
Chr02	17055	16938	1
Chr02	18056	18163	-1
Chr02	19697	19827	-1
Chr02	18784	18901	-1
Chr02	11579	11462	1
Chr02	19823	19954	-1
Chr02	2109	1989	1
Chr02	18818	18943	-1
Chr02	15399	15289	1
Chr02	12151	12040	1
Chr02	2045	1931	1
Chr02	12116	12003	1
Chr02	19452	19360	0
Chr02	13991	13878	1
Chr02	17551	17440	1
Chr02	14631	14535	0
Chr02	18519	18637	-1
Chr02	14976	15088	-1
Chr02	1317	1264	0
Chr02	17178	17052	1
Chr02	18726	18609	1
Chr02	16679	16561	1
Chr02	15782	15663	1
Chr02	16530	16653	-1
Chr02	19868	19763	1
Chr02	19642	19745	-1
Chr02	15591	15481	1
Chr02	15591	15481	1
Chr02	939	1076	-1
Chr02	11960	12074	-1
Chr02	17563	17456	1
Chr02	16833	16947	-1
Chr02	14116	14227	-1
Chr02	14704	14573	1
Chr02	18378	18274	1
Chr02	19735	19863	-1
Chr02	2588	2471	1
Chr02	15879	15999	-1
Chr02	19829	19718	1
Chr02	19650	19774	-1
Chr02	19825	19685	1
Chr02	17043	17156	-1
Chr02	15340	15233	1
Chr02	12023	12139	-1
Chr02	11995	12122	-1
Chr02	16820	16712	1
Chr02	19710	19818	-1
Chr02	12155	12059	0
Chr02	19801	19679	1
Chr02	17608	17480	1
Chr02	16238	16361	-1
Chr02	16310	16411	-1
Chr02	16310	16411	-1
Chr02	10213	10081	1
Chr02	17482	17375	1
Chr02	11049	11173	-1
Chr02	16893	16994	-1
Chr02	17443	17545	-1
Chr02	12135	12022	1
Chr02	13925	14047	-1
Chr02	14197	14332	-1
Chr02	14197	14332	-1
Chr02	15671	15792	-1
Chr02	12099	12196	0
Chr02	16392	16241	1
Chr02	19998	19882	1
Chr02	11435	11320	1
Chr02	18978	18843	1
Chr02	18575	18442	1
Chr02	18575	18442	1
Chr02	12068	12171	-1
Chr02	15346	15226	1
Chr02	14349	14485	-1
Chr02	18767	18618	1
Chr02	19892	19760	1
Chr02	2513	2652	-1
Chr02	17574	17694	-1
Chr02	1057	915	1
Chr02	17511	17409	1
Chr02	2576	2566	0
Chr02	13882	13773	1
Chr02	14270	14150	1
Chr02	13808	13931	-1
Chr02	17038	17134	0
Chr02	13963	13861	1
Chr02	16586	16682	0
Chr02	19060	18936	1
Chr02	19060	18936	1
Chr02	19818	19702	1
Chr02	17649	17532	1
Chr02	15915	15799	1
Chr02	18328	18446	-1
Chr02	17552	17653	-1
Chr02	15648	15533	1
Chr02	17552	17653	-1
Chr02	18978	18864	1
Chr02	17563	17472	0
Chr02	14157	14266	-1
Chr02	17460	17574	-1
Chr02	14380	14508	-1
Chr02	18948	18833	1
Chr02	18948	18833	1
Chr02	13983	13873	1
Chr02	13983	13873	1
Chr02	15635	15744	-1
Chr02	2527	2659	-1
Chr02	13818	13930	-1
Chr02	948	1052	-1
Chr02	14176	14062	1
Chr02	17375	17480	-1
Chr02	17492	17388	1
Chr02	14201	14299	0
Chr02	14355	14250	1
Chr02	17454	17565	-1
Chr02	14092	14220	-1
Chr02	17472	17359	1
Chr02	15671	15803	-1
Chr02	15671	15803	-1
Chr02	16494	16607	-1
Chr02	18112	18228	-1
Chr02	14108	13993	1
Chr02	15673	15569	1
Chr02	17538	17422	1
Chr02	13992	14100	-1
Chr02	16040	16178	-1
Chr02	16980	16867	1
Chr02	11455	11332	1
Chr02	4566	4671	-1
Chr02	15833	15712	1
Chr02	14288	14162	1
Chr02	14288	14162	1
Chr02	14019	14147	-1
Chr02	14019	14147	-1
Chr02	19868	19997	-1
Chr02	19868	19997	-1
Chr02	17144	17039	1
Chr02	17144	17039	1
Chr02	14350	14223	1
Chr02	20032	19930	1
Chr02	13750	13846	0
Chr02	13750	13846	0
Chr02	19861	19732	1
Chr02	588	691	-1
Chr02	10176	10066	1
Chr02	18910	18790	1
Chr02	18629	18750	-1
Chr02	18629	18750	-1
Chr02	16396	16281	1
Chr02	4299	4397	0
Chr02	16152	16027	1
Chr02	15948	15845	1
Chr02	15948	15845	1
Chr02	15054	15155	-1
Chr02	16738	16868	-1
Chr02	13878	13976	0
Chr02	18293	18408	-1
Chr02	16895	17009	-1
Chr02	2098	1984	1
Chr02	18313	18457	-1
Chr02	18313	18457	-1
Chr02	3946	3822	1
Chr02	3946	3822	1
Chr02	19971	19849	1
Chr02	11308	11439	-1
Chr02	14124	14230	-1
Chr02	3963	3848	1
Chr02	17144	17042	1
Chr02	17144	17042	1
Chr02	17144	17042	1
Chr02	10086	10215	-1
Chr02	17201	17086	1
Chr02	14017	13888	1
Chr02	14272	14147	1
Chr02	17664	17767	-1
Chr02	17664	17767	-1
Chr02	19459	19339	1
Chr02	12150	12041	1
Chr02	12080	12177	0
Chr02	16997	17126	-1
Chr02	20133	20008	1
Chr02	16908	17013	-1
Chr02	16267	16376	-1
Chr02	16829	16943	-1
Chr02	2494	2603	-1
Chr02	12071	12174	-1
Chr02	15951	15832	1
Chr02	19885	19748	1
Chr02	13799	13910	-1
Chr02	2808	2921	-1
Chr02	11388	11515	-1
Chr02	15832	15951	-1
Chr02	18618	18488	1
Chr02	16429	16314	1
Chr02	18139	18026	1
Chr02	13819	13948	-1
Chr02	13922	14046	-1
Chr02	11343	11446	-1
Chr02	17250	17369	-1
Chr02	14414	14526	-1
Chr02	14414	14526	-1
Chr02	17355	17482	-1
Chr02	17355	17482	-1
Chr02	17542	17448	0
Chr02	13923	13800	1
Chr02	12105	11980	1
Chr02	14206	14331	-1
Chr02	17011	17116	-1
Chr02	2736	2653	0
Chr02	14136	14240	-1
Chr02	17273	17391	-1
Chr02	14213	14108	1
Chr02	19679	19819	-1
Chr02	18512	18619	-1
Chr02	18512	18619	-1
Chr02	14154	14250	0
Chr02	18508	18623	-1
Chr02	15230	15110	1
Chr02	2772	2664	1
Chr02	17129	17012	1
Chr02	11507	11380	1
Chr02	11507	11380	1
Chr02	17236	17368	-1
Chr02	17484	17592	-1
Chr02	14428	14535	-1
Chr02	17477	17363	1
Chr02	18595	18484	1
Chr02	16527	16393	1
Chr02	19981	19860	1
Chr02	16490	16625	-1
Chr02	15810	15686	1
Chr02	17520	17410	1
Chr02	18256	18348	0
Chr02	14585	14473	1
Chr02	4279	4377	0
Chr02	15260	15364	-1
Chr02	13938	13808	1
Chr02	14073	13953	1
Chr02	18815	18924	-1
Chr02	590	703	-1
Chr02	12156	12173	0
Chr02	18939	18824	1
Chr02	15033	15144	-1
Chr02	15033	15144	-1
Chr02	19630	19780	-1
Chr02	13912	14046	-1
Chr02	19866	19728	1
Chr02	16674	16543	1
Chr02	16674	16543	1
Chr02	12087	11975	1
Chr01	17148	17261	-1
Chr01	5951	5842	1
Chr01	1105	984	1
Chr01	2772	2897	-1
Chr01	9891	9786	1
Chr01	9891	9786	1
Chr01	5101	5000	1
Chr01	3494	3387	1
Chr01	16555	16436	1
Chr01	19406	19530	-1
Chr01	18356	18466	-1
Chr01	9190	9311	-1
Chr01	9190	9311	-1
Chr01	8075	7932	1
Chr01	10019	9906	1
Chr01	14769	14886	-1
Chr01	121	242	-1
Chr01	2868	2740	1
Chr01	3287	3183	1
Chr01	2121	2232	-1
Chr01	7710	7828	-1
Chr01	18678	18567	1
Chr01	7937	8071	-1
Chr01	6885	7025	-1
Chr01	10655	10527	1
Chr01	3150	3247	0
Chr01	18946	18830	1
Chr01	18946	18830	1
Chr01	16868	16745	1
Chr01	2087	1982	1
Chr01	19052	18951	1
Chr01	6058	5946	1
Chr01	9752	9872	-1
Chr01	5303	5413	-1
Chr01	4051	3926	1
Chr01	6349	6453	-1
Chr01	15943	15864	0
Chr01	17101	16977	1
Chr01	8061	7944	1
Chr01	10951	11045	0
Chr01	10115	10007	1
Chr01	459	575	-1
Chr01	12571	12698	-1
Chr01	12550	12418	1
Chr01	7804	7907	-1
Chr01	16077	15969	1
Chr01	582	703	-1
Chr01	9463	9339	1
Chr01	9291	9417	-1
Chr01	6234	6135	0
Chr01	6234	6135	0
Chr01	7881	8014	-1
Chr01	2169	2025	1
Chr01	17595	17462	1
Chr01	4125	3995	1
Chr01	9429	9551	-1
Chr01	13595	13511	0
Chr01	6302	6431	-1
Chr01	16459	16572	-1
Chr01	16459	16572	-1
Chr01	3364	3471	-1
Chr01	7314	7426	-1
Chr01	7314	7426	-1
Chr01	7314	7426	-1
Chr01	5196	5082	1
Chr01	13897	13994	0
Chr01	13897	13994	0
Chr01	6532	6633	-1
Chr01	7380	7497	-1
Chr01	14818	14932	-1
Chr01	10390	10267	1
Chr01	17003	17111	-1
Chr01	1996	1888	1
Chr01	7367	7479	-1
Chr01	2422	2297	1
Chr01	10656	10768	-1
Chr01	540	404	1
Chr01	14654	14544	1
Chr01	7951	8083	-1
Chr01	17942	17813	1
Chr01	17942	17813	1
Chr01	15726	15839	-1
Chr01	4701	4588	1
Chr01	8065	7931	1
Chr01	10621	10737	-1
Chr01	761	651	1
Chr01	761	651	1
Chr01	2594	2479	1
Chr01	12003	11890	1
Chr01	12260	12136	1
Chr01	11902	12009	-1
Chr01	19994	19880	1
Chr01	19994	19880	1
Chr01	8192	8293	-1
Chr01	8192	8293	-1
Chr01	10444	10558	-1
Chr01	10444	10558	-1
Chr01	10648	10547	1
Chr01	10434	10329	1
Chr01	19417	19315	1
Chr01	6616	6500	1
Chr01	15316	15200	1
Chr01	6888	6776	1
Chr01	16299	16413	-1
Chr01	5274	5146	1
Chr01	11342	11223	1
Chr01	11342	11223	1
Chr01	2806	2947	-1
Chr01	6945	6819	1
Chr01	6824	6932	-1
Chr01	4903	5016	-1
Chr01	11624	11734	-1
Chr01	17751	17865	-1
Chr01	2151	2037	1
Chr01	6340	6451	-1
Chr01	18746	18636	1
Chr01	19228	19105	1
Chr01	8076	7960	1
Chr01	19826	19712	1
Chr01	10184	10299	-1
Chr01	7770	7663	1
Chr01	7479	7366	1
Chr01	9120	9248	-1
Chr01	9120	9248	-1
Chr01	3458	3579	-1
Chr01	3458	3579	-1
Chr01	10441	10313	1
Chr01	4179	4073	1
Chr01	7048	7154	-1
Chr01	971	861	1
Chr01	13173	13291	-1
Chr01	402	284	1
Chr01	8329	8191	1
Chr01	16947	17062	-1
Chr01	16947	17062	-1
Chr01	2633	2721	0
Chr01	4243	4364	-1
Chr01	4243	4364	-1
Chr01	9725	9836	-1
Chr01	4470	4351	1
Chr01	3086	2976	1
Chr01	5646	5523	1
Chr01	12909	12783	1
Chr01	8608	8526	0
Chr01	8260	8125	1
Chr01	7844	7978	-1
Chr01	3776	3646	1
Chr01	6063	5935	1
Chr01	16824	16696	1
Chr01	4015	3908	1
Chr01	8853	8732	1
Chr01	822	866	0
Chr01	13792	13898	-1
Chr01	9643	9513	1
Chr01	16255	16131	1
Chr01	5756	5646	1
Chr01	15118	15248	-1
Chr01	15118	15248	-1
Chr01	10465	10335	1
Chr01	5269	5396	-1
Chr01	12069	11959	1
Chr01	12759	12644	1
Chr01	7963	8066	-1
Chr01	608	717	-1
Chr01	16806	16915	-1
Chr01	5044	5175	-1
Chr01	5044	5175	-1
Chr01	15230	15127	1
Chr01	12716	12615	1
Chr01	11373	11480	-1
Chr01	16651	16525	1
Chr01	3452	3335	1
Chr01	20155	20033	1
Chr01	1747	1865	-1
Chr01	15958	15843	1
Chr01	15958	15843	1
Chr01	4944	4802	1
Chr01	17333	17369	0
Chr01	19047	19138	0
Chr01	11291	11393	-1
Chr01	15291	15185	1
Chr01	12512	12406	1
Chr01	17756	17854	0
Chr01	1145	1260	-1
Chr01	8084	8219	-1
Chr01	8084	8219	-1
Chr01	4408	4301	1
Chr01	14472	14355	1
Chr01	4871	4751	1
Chr01	4871	4751	1
Chr01	4871	4751	1
Chr01	13026	12927	0
Chr01	2279	2381	-1
Chr01	14612	14737	-1
Chr01	14936	14828	1
Chr01	5230	5329	0
Chr01	11414	11286	1
Chr01	8556	8434	1
Chr01	12893	12784	1
Chr01	17122	17018	1
Chr01	4336	4214	1
Chr01	13241	13373	-1
Chr01	1910	1769	1
Chr01	2209	2084	1
Chr01	16144	16269	-1
Chr01	30	158	-1
Chr01	2590	2700	-1
Chr01	4940	5068	-1
Chr01	9753	9867	-1
Chr01	8104	7996	1
Chr01	15284	15409	-1
Chr01	8429	8503	0
Chr01	15014	14878	1
Chr01	16187	16294	-1
Chr01	19107	19232	-1
Chr01	2991	3120	-1
Chr01	17676	17539	1
Chr01	11060	10952	1
Chr01	2419	2310	1
Chr01	674	539	1
Chr01	12240	12119	1
Chr01	13156	13284	-1
Chr01	3563	3436	1
Chr01	7027	7146	-1
Chr01	19312	19203	1
Chr01	19872	19737	1
Chr01	7392	7296	0
Chr01	3222	3335	-1
Chr01	20182	20057	1
Chr01	8006	7887	1
Chr01	13862	13749	1
Chr01	3105	2987	1
Chr01	8235	8340	-1
Chr01	19882	19749	1
Chr01	9637	9747	-1
Chr01	299	415	-1
Chr01	16055	15929	1
Chr01	6782	6662	1
Chr01	17866	17752	1
Chr01	17866	17752	1
Chr01	1284	1399	-1
Chr01	13444	13574	-1
Chr01	17422	17533	-1
Chr01	15156	15271	-1
Chr01	3398	3274	1
Chr01	3160	3281	-1
Chr01	12483	12606	-1
Chr01	12483	12606	-1
Chr01	3173	3056	1
Chr01	17877	17765	1
Chr01	15236	15116	1
Chr01	3902	4007	-1
Chr01	8153	8051	1
Chr01	9824	9717	1
Chr01	13666	13556	1
Chr01	3561	3428	1
Chr01	7760	7864	-1
Chr01	1951	1843	1
Chr01	8503	8385	1
Chr01	12924	12813	1
Chr01	11609	11479	1
Chr01	11234	11106	1
Chr01	17573	17446	1
Chr01	6611	6712	-1
Chr01	11273	11390	-1
Chr01	19950	19846	1
Chr01	7812	7929	-1
Chr01	5741	5861	-1
Chr01	5741	5861	-1
Chr01	13031	12907	1
Chr01	17451	17339	1
Chr01	9328	9227	1
Chr01	11396	11301	0
Chr01	16601	16730	-1
Chr01	9993	9870	1
Chr01	7939	8055	-1
Chr01	17386	17273	1
Chr01	11277	11159	1
Chr01	6019	6053	0
Chr01	18791	18690	1
Chr01	14160	14026	1
Chr01	19509	19382	1
Chr01	4859	4766	0
Chr01	2479	2597	-1
Chr01	628	749	-1
Chr01	10632	10772	-1
Chr01	355	461	-1
Chr01	703	818	-1
Chr01	766	887	-1
Chr01	1093	1226	-1
Chr01	1093	1226	-1
Chr01	5733	5855	-1
Chr01	8531	8650	-1
Chr01	11260	11138	1
Chr01	18912	18790	1
Chr01	7457	7339	1
Chr01	11065	10936	1
Chr01	5770	5664	1
Chr01	1138	1052	0
Chr01	16865	16985	-1
Chr01	365	252	1
Chr01	12421	12314	1
Chr01	7800	7676	1
Chr01	7800	7676	1
Chr01	17519	17386	1
Chr01	16639	16502	1
Chr01	13836	13716	1
Chr01	4701	4588	1
Chr01	2325	2199	1
Chr01	10587	10487	1
Chr01	6290	6421	-1
Chr01	6290	6421	-1
Chr01	19915	19794	1
Chr01	8945	9067	-1
Chr01	17068	16938	1
Chr01	16722	16608	1
Chr01	1843	1972	-1
Chr01	12619	12476	1
Chr01	7397	7499	-1
Chr01	8499	8608	-1
Chr01	7812	7695	1
Chr01	18143	18017	1
Chr01	15945	15809	1
Chr01	18128	18235	-1
Chr01	18128	18235	-1
Chr01	19922	20062	-1
Chr01	2462	2335	1
Chr01	2462	2335	1
Chr01	269	399	-1
Chr01	13109	12991	1
Chr01	13109	12991	1
Chr01	13109	12991	1
Chr01	8178	8074	1
Chr01	11134	11262	-1
Chr01	12298	12172	1
Chr01	15521	15621	-1
Chr01	3574	3465	1
Chr01	304	411	-1
Chr01	1913	1780	1
Chr01	8267	8401	-1
Chr01	2919	3037	-1
Chr01	2919	3037	-1
Chr01	4509	4398	1
Chr01	19664	19784	-1
Chr01	14195	14316	-1
Chr01	7860	8013	-1
Chr01	19664	19784	-1
Chr01	4736	4855	-1
Chr01	16698	16592	1
Chr01	18517	18646	-1
Chr01	2587	2463	1
Chr01	3292	3422	-1
Chr01	8406	8287	1
Chr01	4663	4769	-1
Chr01	802	939	-1
Chr01	7944	8054	-1
Chr01	9549	9663	-1
Chr01	6245	6347	-1
Chr01	7939	7824	1
Chr01	5577	5475	1
Chr01	7243	7372	-1
Chr01	18492	18367	1
Chr01	10705	10824	-1
Chr01	9668	9792	-1
Chr01	14738	14864	-1
Chr01	19205	19312	-1
Chr01	4900	4803	0
Chr01	3542	3670	-1
Chr01	12972	12864	1
Chr01	11817	11964	-1
Chr01	18039	17934	1
Chr01	7327	7446	-1
Chr01	2094	2229	-1
Chr01	15989	15883	1
Chr01	4490	4364	1
Chr01	4490	4364	1
Chr01	4490	4364	1
Chr01	7696	7560	1
Chr01	6561	6457	1
Chr01	1181	1316	-1
Chr01	11393	11493	-1
Chr01	8871	8763	1
Chr01	9158	9284	-1
Chr01	16684	16780	0
Chr01	16684	16780	0
Chr01	19175	19069	1
Chr01	6156	6276	-1
Chr01	8692	8813	-1
Chr01	14909	14811	0
Chr01	252	146	1
Chr01	252	146	1
Chr01	9264	9139	1
Chr01	15295	15173	1
Chr01	15295	15173	1
Chr01	13871	13750	1
Chr01	11091	10976	1
Chr01	11091	10976	1
Chr01	3782	3904	-1
Chr01	340	238	1
Chr01	10997	11138	-1
Chr01	7340	7458	-1
Chr01	16106	16221	-1
Chr01	2250	2109	1
Chr01	2528	2390	1
Chr01	12282	12411	-1
Chr01	12800	12907	-1
Chr01	12945	13062	-1
Chr01	19809	19919	-1
Chr01	7968	7839	1
Chr01	2439	2324	1
Chr01	2439	2324	1
Chr01	2439	2324	1
Chr01	17425	17543	-1
Chr01	3926	4043	-1
Chr01	19604	19456	1
Chr01	3195	3306	-1
Chr01	15531	15392	1
Chr01	18565	18439	1
Chr01	18565	18439	1
Chr01	18565	18439	1
Chr01	14036	14156	-1
Chr01	7807	7928	-1
Chr01	2945	3075	-1
Chr01	1910	1769	1
Chr01	1910	1769	1
Chr01	5102	5211	-1
Chr01	5433	5301	1
Chr01	10712	10845	-1
Chr01	18872	18949	0
Chr01	3145	3261	-1
Chr01	2180	2294	-1
Chr01	3144	3018	1
Chr01	743	605	1
Chr01	743	605	1
Chr01	15969	16077	-1
Chr01	1008	902	1
Chr01	1008	902	1
Chr01	2385	2272	1
Chr01	2385	2272	1
Chr01	14239	14355	-1
Chr01	4412	4521	-1
Chr01	19940	20062	-1
Chr01	17248	17139	1
Chr01	6777	6655	1
Chr01	4612	4739	-1
Chr01	16083	16213	-1
Chr01	12782	12901	-1
Chr01	16703	16807	-1
Chr01	16703	16807	-1
Chr01	1516	1406	1
Chr01	14486	14378	1
Chr01	15368	15242	1
Chr01	17013	17124	-1
Chr01	9686	9552	1
Chr01	7524	7387	1
Chr01	17935	17825	1
Chr01	17935	17825	1
Chr01	11991	11886	1
Chr01	11991	11886	1
Chr01	4176	4298	-1
Chr01	18260	18369	-1
Chr01	17342	17239	1
Chr01	1936	2038	-1
Chr01	14251	14347	0
Chr01	638	525	1
Chr01	12985	12875	1
Chr01	6221	6125	0
Chr01	8079	7968	1
Chr01	8547	8674	-1
Chr01	17763	17879	-1
Chr01	11689	11822	-1
Chr01	3924	4046	-1
Chr01	13077	13195	-1
Chr01	9166	9288	-1
Chr01	6094	6184	0
Chr01	12969	12851	1
Chr01	8123	8242	-1
Chr01	19504	19371	1
Chr01	7274	7386	-1
Chr01	7239	7127	1
Chr01	10084	10199	-1
Chr01	13686	13553	1
Chr01	11010	10878	1
Chr01	14178	14050	1
Chr01	3242	3139	1
Chr01	3242	3139	1
Chr01	17491	17361	1
Chr01	17859	17962	-1
Chr01	17859	17962	-1
Chr01	17859	17962	-1
Chr01	17859	17962	-1
Chr01	17586	17721	-1
Chr01	2241	2132	1
Chr01	13632	13521	1
Chr01	4315	4429	-1
Chr01	1055	1160	-1
Chr01	14039	13924	1
Chr01	16103	16233	-1
Chr01	18774	18867	0
Chr01	13912	14028	-1
Chr01	16403	16265	1
Chr01	17715	17829	-1
Chr01	19741	19613	1
Chr01	1811	1929	-1
Chr01	2372	2257	1
Chr01	2309	2442	-1
Chr01	9806	9904	0
Chr01	9806	9904	0
Chr01	718	848	-1
Chr01	18941	19074	-1
Chr01	12856	12975	-1
Chr01	12409	12312	0
Chr01	11500	11636	-1
Chr01	14012	14130	-1
Chr01	10560	10445	1
Chr01	4235	4360	-1
Chr01	15055	14921	1
Chr01	7669	7560	1
Chr01	1792	1901	-1
Chr01	9456	9327	1
Chr01	9456	9327	1
Chr01	3055	3196	-1
Chr01	9766	9640	1
Chr01	1665	1539	1
Chr01	8419	8310	1
Chr01	10655	10762	-1
Chr01	19595	19711	-1
Chr01	8031	7904	1
Chr01	7946	8073	-1
Chr01	20012	19905	1
Chr01	15840	15726	1
Chr01	5492	5358	1
Chr01	4713	4816	-1
Chr01	9893	10015	-1
Chr01	14046	13925	1
Chr01	10389	10503	-1
Chr01	5909	5806	1
Chr01	5909	5806	1
Chr01	5909	5806	1
Chr01	11504	11615	-1
Chr01	16394	16508	-1
Chr01	11217	11101	1
Chr01	10321	10441	-1
Chr01	1626	1735	-1
Chr01	1626	1735	-1
Chr01	4762	4648	1
Chr01	8094	8227	-1
Chr01	18168	18284	-1
Chr01	14196	14079	1
Chr01	10886	11012	-1
Chr01	13974	14089	-1
Chr01	2942	3065	-1
Chr01	16278	16397	-1
Chr01	13841	13967	-1
Chr01	13841	13967	-1
Chr01	6984	7107	-1
Chr01	14052	14154	-1
Chr01	7961	8099	-1
Chr01	8259	8149	1
Chr01	7621	7480	1
Chr01	15265	15379	-1
Chr01	15265	15379	-1
Chr01	14099	14176	0
Chr01	14099	14176	0
Chr01	14099	14176	0
Chr01	3238	3133	1
Chr01	3238	3133	1
Chr01	6756	6634	1
Chr01	734	608	1
Chr01	6838	6920	0
Chr01	9294	9192	1
Chr01	20089	19965	1
Chr01	14992	15128	-1
Chr01	17592	17480	1
Chr01	2734	2610	1
Chr01	2734	2610	1
Chr01	8595	8472	1
Chr01	2894	3016	-1
Chr01	7756	7879	-1
Chr01	11270	11365	0
Chr01	17383	17499	-1
Chr01	9993	9872	1
Chr01	9993	9872	1
Chr01	16845	16725	1
Chr01	7220	7094	1
Chr01	14966	15072	-1
Chr01	14649	14509	1
Chr01	6578	6679	-1
Chr01	12454	12566	-1
Chr01	11162	11026	1
Chr01	1454	1346	1
Chr01	17890	17802	0
Chr01	10186	10300	-1
Chr01	18789	18900	-1
Chr01	12200	12087	1
Chr01	12200	12087	1
Chr01	4527	4656	-1
Chr01	5759	5894	-1
Chr01	18446	18552	-1
Chr01	9219	9104	1
Chr01	18031	17898	1
Chr01	2526	2392	1
Chr01	9205	9311	-1
Chr01	16047	15918	1
Chr01	15508	15619	-1
Chr01	2255	2132	1
Chr01	8332	8226	1
Chr01	541	666	-1
Chr01	8248	8363	-1
Chr01	10931	11051	-1
Chr01	10931	11051	-1
Chr01	3944	3816	1
Chr01	19180	19044	1
Chr01	5308	5175	1
Chr01	4125	4260	-1
Chr01	13567	13692	-1
Chr01	15863	15748	1
Chr01	12172	12292	-1
Chr01	7951	8065	-1
Chr01	15847	15955	-1
Chr01	7819	7948	-1
Chr01	10715	10846	-1
Chr01	3030	2904	1
Chr01	11198	11071	1
Chr01	7859	7974	-1
Chr01	3202	3336	-1
Chr01	18340	18464	-1
Chr01	8376	8451	0
Chr01	13037	13163	-1
Chr01	3201	3075	1
Chr01	19252	19375	-1
Chr01	16579	16461	1
Chr01	10125	10247	-1
Chr01	9150	9261	-1
Chr01	17704	17574	1
Chr01	17322	17187	1
Chr01	14318	14433	-1
Chr01	7945	8064	-1
Chr01	6349	6453	-1
Chr01	19310	19431	-1
Chr01	14644	14756	-1
Chr01	6939	7056	-1
Chr01	16213	16322	-1
Chr01	16213	16322	-1
Chr01	10951	11045	0
Chr01	2820	2926	-1
Chr01	17016	17138	-1
Chr01	12298	12422	-1
Chr01	18443	18332	1
Chr01	7889	7766	1
Chr01	7889	7766	1
Chr01	15751	15880	-1
Chr01	18605	18505	1
Chr01	10451	10337	1
Chr01	17575	17443	1
Chr01	5953	5823	1
Chr01	16127	16247	-1
Chr01	8202	8329	-1
Chr01	18538	18413	1
Chr01	18538	18413	1
Chr01	2970	3089	-1
Chr01	2970	3089	-1
Chr01	4074	4002	0
Chr01	16787	16910	-1
Chr01	12511	12412	0
Chr01	1394	1288	1
Chr01	2269	2395	-1
Chr01	9111	9248	-1
Chr01	5163	5042	1
Chr01	10951	10814	1
Chr01	18014	17884	1
Chr01	10621	10737	-1
Chr01	13252	13379	-1
Chr01	19554	19680	-1
Chr01	12716	12615	1
Chr01	14094	14229	-1
Chr01	14094	14229	-1
Chr01	9954	10064	-1
Chr01	13528	13639	-1
Chr01	19239	19114	1
Chr01	14654	14544	1
Chr01	20102	19981	1
Chr01	3590	3460	1
Chr01	16111	15975	1
Chr01	2104	1982	1
Chr01	1024	899	1
Chr01	5458	5574	-1
Chr01	7925	8058	-1
Chr01	12745	12641	1
Chr01	2508	2391	1
Chr01	2508	2391	1
Chr01	3296	3415	-1
Chr01	14697	14808	-1
Chr01	1936	2038	-1
Chr01	4729	4851	-1
Chr01	13204	13336	-1
Chr01	13204	13336	-1
Chr01	16042	16160	-1
Chr01	1722	1601	1
Chr01	462	581	-1
Chr01	462	581	-1
Chr01	462	581	-1
Chr01	462	581	-1
Chr01	10290	10159	1
Chr01	1374	1233	1
Chr01	9218	9109	1
Chr01	1374	1233	1
Chr01	14911	15023	-1
Chr01	17511	17379	1
Chr01	17152	17015	1
Chr01	7859	7981	-1
Chr01	14650	14753	-1
Chr01	14650	14753	-1
Chr01	6594	6674	0
Chr01	16583	16701	-1
Chr01	16583	16701	-1
Chr01	16775	16889	-1
Chr01	16775	16889	-1
Chr01	19711	19581	1
Chr01	2520	2410	1
Chr01	0	128	-1
Chr01	1179	1082	0
Chr01	5004	5102	0
Chr01	6635	6750	-1
Chr01	19187	19318	-1
Chr01	11418	11299	1
Chr01	8057	7930	1
Chr01	10281	10183	0
Chr01	13049	12913	1
Chr01	20011	19907	1
Chr01	20011	19907	1
Chr01	10133	10277	-1
Chr01	12516	12378	1
Chr01	826	695	1
Chr01	7313	7199	1
Chr01	19220	19099	1
Chr01	18131	18267	-1
Chr01	7332	7442	-1
Chr01	19805	19915	-1
Chr01	7745	7851	-1
Chr01	10379	10493	-1
Chr01	16542	16654	-1
Chr01	247	383	-1
Chr01	2763	2654	1
Chr01	13792	13898	-1
Chr01	4649	4536	1
Chr01	4649	4536	1
Chr01	7304	7210	0
Chr01	911	1024	-1
Chr01	14615	14711	0
Chr01	4977	4825	1
Chr01	16512	16636	-1
Chr01	15536	15431	1
Chr01	12663	12540	1
Chr01	7151	7036	1
Chr01	5131	5001	1
Chr01	14209	14086	1
Chr01	6144	6023	1
Chr01	1261	1150	1
Chr01	6665	6796	-1
Chr01	6665	6796	-1
Chr01	8469	8341	1
Chr01	19279	19156	1
Chr01	19677	19566	1
Chr01	8474	8355	1
Chr01	1276	1151	1
Chr01	13282	13407	-1
Chr01	19845	19979	-1
Chr01	18251	18376	-1
Chr01	20011	19890	1
Chr01	20011	19890	1
Chr01	20011	19890	1
Chr01	20100	20001	0
Chr01	10770	10651	1
Chr01	7890	8011	-1
Chr01	5899	5999	-1
Chr01	11233	11353	-1
Chr01	13966	14110	-1
Chr01	18256	18117	1
Chr01	2479	2597	-1
Chr01	8434	8556	-1
Chr01	16363	16233	1
Chr01	4922	5053	-1
Chr01	493	390	1
Chr01	16571	16437	1
Chr01	17718	17602	1
Chr01	2273	2183	0
Chr01	4112	4236	-1
Chr01	10279	10159	1
Chr01	14537	14410	1
Chr01	17732	17609	1
Chr01	2353	2474	-1
Chr01	2353	2474	-1
Chr01	14358	14470	-1
Chr01	6836	6723	1
Chr01	6836	6723	1
Chr01	11379	11251	1
Chr01	8575	8682	-1
Chr01	19889	19766	1
Chr01	4910	5015	-1
Chr01	107	223	-1
Chr01	1286	1393	-1
Chr01	14892	15008	-1
Chr01	14892	15008	-1
Chr01	6534	6396	1
Chr01	9280	9157	1
Chr01	2059	1935	1
Chr01	16531	16654	-1
Chr01	13515	13415	1
Chr01	19420	19530	-1
Chr01	559	448	1
Chr01	9269	9159	1
Chr01	13754	13868	-1
Chr01	19159	19283	-1
Chr01	5251	5383	-1
Chr01	5251	5383	-1
Chr01	15486	15350	1
Chr01	17872	17745	1
Chr01	9514	9402	1
Chr01	1590	1689	0
Chr01	7923	7813	1
Chr01	10135	10000	1
Chr01	9692	9816	-1
Chr01	12033	11922	1
Chr01	12033	11922	1
Chr01	1329	1441	-1
Chr01	12549	12444	1
Chr01	7100	7231	-1
Chr01	19518	19405	1
Chr01	8437	8548	-1
Chr01	15712	15569	1
Chr01	3673	3790	-1
Chr01	3673	3790	-1
Chr01	10479	10606	-1
Chr01	7767	7886	-1
Chr01	4277	4145	1
Chr01	15585	15707	-1
Chr01	10642	10506	1
Chr01	9812	9880	0
Chr01	6252	6127	1
Chr01	4885	4992	-1
Chr01	4885	4992	-1
Chr01	17861	17742	1
Chr01	9335	9211	1
Chr01	7628	7745	-1
Chr01	2617	2724	-1
Chr01	12469	12594	-1
Chr01	533	405	1
Chr01	19569	19690	-1
Chr01	14238	14132	1
Chr01	1142	1251	-1
Chr01	15151	15250	0
Chr01	14639	14751	-1
Chr01	11785	11902	-1
Chr01	2980	3074	0
Chr01	14872	14750	1
Chr01	14872	14750	1
Chr01	11272	11149	1
Chr01	3722	3602	1
Chr01	7657	7788	-1
Chr01	9692	9586	1
Chr01	13904	14014	-1
Chr01	14827	14957	-1
Chr01	4214	4102	1
Chr01	822	936	-1
Chr01	822	936	-1
Chr01	17789	17912	-1
Chr01	19014	19139	-1
Chr01	12605	12484	1
Chr01	490	395	0
Chr01	2600	2722	-1
Chr01	18556	18471	0
Chr01	5084	4951	1
Chr01	19058	19183	-1
Chr01	13089	13024	0
Chr01	2333	2204	1
Chr01	13728	13625	1
Chr01	13728	13625	1
Chr01	13728	13625	1
Chr01	18890	19007	-1
Chr01	3834	3944	-1
Chr01	7372	7252	1
Chr01	2154	2285	-1
Chr01	2648	2564	0
Chr01	2432	2548	-1
Chr01	12551	12436	1
Chr01	8682	8817	-1
Chr01	9153	9047	1
Chr01	7951	7845	1
Chr01	749	858	-1
Chr01	7820	7952	-1
Chr01	2263	2383	-1
Chr01	6241	6144	0
Chr01	17751	17865	-1
Chr01	3028	2916	1
Chr01	4392	4493	-1
Chr01	4392	4493	-1
Chr01	15401	15277	1
Chr01	15401	15277	1
Chr01	10045	10165	-1
Chr01	2515	2394	1
Chr01	19506	19613	-1
Chr01	18095	18234	-1
Chr01	7825	7934	-1
Chr01	7987	7853	1
Chr01	15535	15424	1
Chr01	14967	15090	-1
Chr01	11140	11005	1
Chr01	17097	16988	1
Chr01	9695	9578	1
Chr01	6905	7019	-1
Chr01	13875	13772	1
Chr01	19154	19269	-1
Chr01	1613	1492	1
Chr01	164	264	-1
Chr01	4227	4109	1
Chr01	4227	4109	1
Chr01	7293	7175	1
Chr01	5089	4965	1
Chr01	8806	8678	1
Chr01	19822	19719	1
Chr01	9493	9607	-1
Chr01	8533	8418	1
Chr01	2264	2372	-1
Chr01	2995	2872	1
Chr01	2641	2528	1
Chr01	7791	7927	-1
Chr01	4250	4367	-1
Chr01	3906	3785	1
Chr01	4786	4918	-1
Chr01	8950	8840	1
Chr01	8950	8840	1
Chr01	3778	3895	-1
Chr01	12025	12133	-1
Chr01	2643	2518	1
Chr01	14116	14236	-1
Chr01	14116	14236	-1
Chr01	14116	14236	-1
Chr01	9159	9035	1
Chr01	18946	19068	-1
Chr01	19625	19509	1
Chr01	19702	19816	-1
Chr01	7278	7143	1
Chr01	6847	6957	-1
Chr01	19314	19441	-1
Chr01	17927	18034	-1
Chr01	17425	17316	1
Chr01	7702	7825	-1
Chr01	3736	3624	1
Chr01	18605	18505	1
Chr01	17872	17745	1
Chr01	17246	17316	0
Chr01	15148	15058	0
Chr01	10733	10853	-1
Chr01	2439	2564	-1
Chr01	5682	5579	1
Chr01	1403	1513	-1
Chr01	4713	4816	-1
Chr01	4713	4816	-1
Chr01	1465	1347	1
Chr01	4675	4803	-1
Chr01	17298	17190	1
Chr01	8107	7976	1
Chr01	4478	4390	0
Chr01	776	659	1
Chr01	4395	4268	1
Chr01	3874	3959	0
Chr01	5459	5363	0
Chr01	12966	12852	1
Chr01	3054	2935	1
Chr01	1181	1316	-1
Chr01	3223	3331	-1
Chr01	1148	1043	1
Chr01	3075	3199	-1
Chr01	4876	5011	-1
Chr01	3716	3600	1
Chr01	7109	7241	-1
Chr01	7109	7241	-1
Chr01	16570	16450	1
Chr01	16015	16138	-1
Chr01	2297	2203	0
Chr01	6058	5939	1
Chr01	2147	2029	1
Chr01	632	776	-1
Chr01	3844	3749	0
Chr01	7438	7321	1
Chr01	17765	17636	1
Chr01	9774	9888	-1
Chr01	16766	16658	1
Chr01	15263	15162	1
Chr01	17393	17286	1
Chr01	19947	20078	-1
Chr01	11874	11766	1
Chr01	11874	11766	1
Chr01	18645	18528	1
Chr01	12754	12863	-1
Chr01	16561	16438	1
Chr01	6122	6005	1
Chr01	17306	17423	-1
Chr01	1072	940	1
Chr01	2522	2636	-1
Chr01	5877	5753	1
Chr01	15754	15871	-1
Chr01	3965	3846	1
Chr01	16838	16724	1
Chr01	19527	19627	-1
Chr01	4952	4857	0
Chr01	6965	6866	0
Chr01	9488	9367	1
Chr01	18529	18646	-1
Chr01	1276	1170	1
Chr01	10641	10766	-1
Chr01	1309	1430	-1
Chr01	1309	1430	-1
Chr01	3874	4001	-1
Chr01	18260	18369	-1
Chr01	1064	963	1
Chr01	1269	1388	-1
Chr01	6979	6844	1
Chr01	14726	14849	-1
Chr01	12417	12547	-1
Chr01	19405	19289	1
Chr01	3262	3140	1
Chr01	10368	10270	0
Chr01	18128	18235	-1
Chr01	7948	8072	-1
Chr01	4915	4797	1
Chr01	5409	5281	1
Chr01	5409	5281	1
Chr01	3330	3189	1
Chr01	10018	9897	1
Chr01	4494	4605	-1
Chr01	17613	17498	1
Chr01	11921	12056	-1
Chr01	19093	19211	-1
Chr01	19682	19544	1
Chr01	1715	1810	0
Chr01	3930	4019	0
Chr01	3930	4019	0
Chr01	8908	8806	1
Chr01	4197	4306	-1
Chr01	19654	19771	-1
Chr01	2789	2892	-1
Chr01	7934	8059	-1
Chr01	4945	4816	1
Chr01	4945	4816	1
Chr01	718	848	-1
Chr01	9545	9665	-1
Chr01	255	128	1
Chr01	3663	3526	1
Chr01	6965	6849	1
Chr01	1168	1296	-1
Chr01	19504	19610	-1
Chr01	11125	10995	1
Chr01	18184	18065	1
Chr01	7573	7690	-1
Chr01	7573	7690	-1
Chr01	654	766	-1
Chr01	15364	15476	-1
Chr01	4679	4572	1
Chr01	9570	9472	0
Chr01	19207	19058	1
Chr01	13676	13543	1
Chr01	903	778	1
Chr01	15742	15594	1
Chr01	9196	9309	-1
Chr01	1551	1666	-1
Chr01	18864	18992	-1
Chr01	9814	9932	-1
Chr01	7965	8076	-1
Chr01	15839	15955	-1
Chr01	19134	19013	1
Chr01	18679	18788	-1
Chr01	7937	7811	1
Chr01	16303	16196	1
Chr01	2623	2510	1
Chr01	7905	7767	1
Chr01	8905	8768	1
Chr01	13255	13379	-1
Chr01	761	624	1
Chr01	8272	8399	-1
Chr01	7519	7389	1
Chr01	2000	2138	-1
Chr01	18686	18563	1
Chr01	4499	4624	-1
Chr01	7274	7386	-1
Chr01	12450	12322	1
Chr01	1626	1735	-1
Chr01	5784	5887	-1
Chr01	18884	18775	1
Chr01	16979	17096	-1
Chr01	18410	18289	1
Chr01	15441	15584	-1
Chr01	13109	13222	-1
Chr01	17936	18063	-1
Chr01	8054	7934	1
Chr01	13653	13556	0
Chr01	12315	12208	1
Chr01	12315	12208	1
Chr01	12315	12208	1
Chr01	4924	4811	1
Chr01	2287	2390	-1
Chr01	2287	2390	-1
Chr01	5578	5449	1
Chr01	14421	14541	-1
Chr01	14421	14541	-1
Chr01	5700	5588	1
Chr01	5700	5588	1
Chr01	6840	6965	-1
Chr01	14541	14425	1
Chr01	7812	7939	-1
Chr01	19981	19860	1
Chr01	874	778	0
Chr01	15443	15583	-1
Chr01	15443	15583	-1
Chr01	16465	16572	-1
Chr01	5154	5064	0
Chr01	18293	18414	-1
Chr01	19014	19139	-1
Chr01	13602	13699	0
Chr01	13902	13788	1
Chr01	15878	15772	1
Chr01	4945	4816	1
Chr01	15878	15772	1
Chr01	9744	9624	1
Chr01	12470	12582	-1
Chr01	18257	18132	1
Chr01	17137	17011	1
Chr01	11500	11636	-1
Chr01	11500	11636	-1
Chr01	11166	11280	-1
Chr01	13097	13203	-1
Chr01	18473	18346	1
Chr01	4079	4209	-1
Chr01	8438	8578	-1
Chr01	7828	7963	-1
Chr01	18505	18636	-1
Chr01	10379	10511	-1
Chr01	16871	16754	1
Chr01	17966	17848	1
Chr01	17966	17848	1
Chr01	732	873	-1
Chr01	8079	7968	1
Chr01	12624	12733	-1
Chr01	10434	10329	1
Chr01	8016	7883	1
Chr01	5006	4890	1
Chr01	5006	4890	1
Chr01	3183	3291	-1
Chr01	3183	3291	-1
Chr01	9396	9496	-1
